(21) 99876-5432 
  11 987654321
+55 (31) 8877-6655
61.99665.5443
(48) 99123 - 4567
Telefone: (85) 98888-7777
21999887766
( 11 ) 97766 - 5544
+5521988776655
(31) 9 9988 7766
(21) 8877-6655a
(11) 2503-4455
 55 21 98877-1234 
(61) 99654.3210
(85)99887766
(21) - 99887-6543
(11) 98765-4321-
998765432
+55 (21) 9.8877.6655
(31)99988-7766
(21) 2525 1234
    (11) 98765-4321
(61) 99654-321O
(21) 99887-6543 (Celular)
5511987654321
(31) 9 8 7 6 5 4 3 2 1
(21) 99999-9999
(11) 98888.7777
(61) 99666-5555
+55 (85) 9 8877-6655
(21) 3344-5566
(11) 987654321
(31) 99887-7665b
(21)98765-4321
(11) 9-8877-6655
(61) 9 9654 3210
(85) 988776655
(21) 99887.6543
(11) 98765-4321 Ramal 21
(31) 999887766